text,Olek,Kuba,Zgodne?,Stachu,Finalna anotacja
"""Generalnie nie mam żadnych zastrzeżeń i jak najbardziej polecam - pokrowiec jest solidny, świetnie wygląda (chociaż wolałbym, gdyby był matowy, ale to inna kwestia), a także sztywno trzyma pada. Jedyny, drobny minus to zamek błyskawiczny, który przy otwarciu w dziwny sposób się """"rozkłada"""", ale można to samemu sobie poprawić, poza tym nie wpływa to na nic.""",2,2,T,,2
Etui na pierwszy rzut oka wydaje się bardzo ładne i dobrze wykonane lecz nie nadaje się do użytku. Przednia część etui jest sztywna i twarda co powoduje powstawanie ryz w przypadku dostania się zanieczyszczeń pomiędzy wyświetlacz a etui. Po tygodniu użytkowania szkło na wyświetlaczu nadawało się do wymiany. Szkoda telefonu.  Aplikacja nie działa.,0,0,T,,0
"Statyw fajnie wykonany, wysoki i ku mojemu zdziwieniu stabilny (statywy w tym przedziale cenowym mają skłonności do przewracania się, gdy podłoże nie jest idealnie płaskie). Jedynym minusem, którego się dopatrzyłem to to, że głowica nie pozwala na płynną pracę (płynny ruch) przez co nagrywanie filmów z tego statywu może być trudne.",1,1,T,,1
"przepraszam ze tak dlugo nie odpowiadalem ,ale produkt jest de best oprocz balaganu w kuchi jest ok soki ktore zawiozlem do pracy zostaly skomunsowane w krotkiej chwili jedyna wada jest ze nie mamy grzie schowa ale to nie problem ,polecam zmieli wszystko nawet cegly -ale brac to z przymrozonym okie  jesze raz poleca i pozdrawiam ",2,2,T,,2
"Brak opakowania, instrukcji przez co występują trudności w identyfikacji sterowników - nie instaluje się też automatycznie  pod Win7. Nie uruchamia się po uśpieniu, gubi sterowniki, sieć przez co rozłącza się i co utrudnia użytkowanie. Prawdopodobnie produkt z odzysku, po zwrocie nie w pełni kompatybilny i  sprawny. Bez anteny b. słaby zasięg.",0,1,N,0.0,0
"Do Bosch SMV53L10EU pasuje IDEALNIE - wpasowuje się w nowe miejsce (które jest przygotowane w zmywarce), więc jeśli po drodze coś się połamało w gnieździe to bez obaw - wchodzi idealnie. Zastosowano łączenie bardziej trwałe niż w oryginalnej zmywarce. Wszystko na koniec trzeba delikatnie potraktować młotkiem, żeby schowało się pod osłonkę - każdy sobie z tym poradzi ;-)",2,2,T,,2
Jakość i praktyczność wykonania tego trymera pozostawia naprawdę wiele do życzenia. O golarce w tym zestawie nie warto nawet wspominać. Lepiej od razu ja wyrzucić. Za połowę ceny można kupić nieco lepszy produkt produkowany dla marketów jak np Lidl. Jednym słowem warto dołożyć kilkanaście złotych i zakupić np Philipsa. Różnica kolosalna. Nie polecam.,0,0,T,,0
"założyłem sam i działa..zamiennik jak w opisie..pasuje nawet spoko..ale..szkło jest bardzo delikatne , rogi ekranu mniej dokładnie wykończone, niestety jakość nieporównywalna do oryginału.. ale wiadomo..cena.., zamiennik jest 2x lżejszy i przy przyciskaniu dotyku widać odbarwienia także trzeba uważać żeby nie pękło. takie moje spostrzeżenia i różnice a używałem oryginał rok..tak czy inaczej warto się pobawić :)",1,1,T,,1
Zestaw zawiera wszystko czego potrzeba aby podłączyć dyski ATA/SATA do komputera. Przetestowane na Windows 7. System bez problemu wykrył podłączony przez USB starszy dysk IDE ultra ATA jak i nowszy na złączu SATA III. Długość kabli po podłączeniu wystarcza aby urządzenie swobodnie leżało na biurku. Zasilacz nie przegrzewa się nawet po kilkugodzinnej pracy. Polecam.,2,2,T,,2
"""Super uchwyt. Jak go dostałem myślałem że go zrobili w Niemczech :) a tu Chiny. Bardzo dobra jakość wykonania i wszystko jest w zestawie co potrzeba do zamontowania go na ścianie i przykręcenia telewizora. Do 40"""" TV też super pasuje tylko trzeba sprawdzić najpierw tv jaki ma rozstaw vesa.Wygląda też super! Solidny polecam!!!""",2,2,T,,2
"Dobry i tani oczyszczacz. Ma wskaźnik jakości powietrza, który przetestowałam i sprawdził się bardzo dobrze. Przed otwarciem okna w pokoju stan powietrza był dobry, ale po otwarciu ( a tego wieczory był w powietrzu wyraźny smog) już po minucie oczyszczacz przeskoczył na zły  stan powietrza i włączył  intensywne oczyszczanie.",2,2,T,,2
"Kompletna TANDETA!!!  To szkło w ogóle nie pasuj do LG K8 2017, jest za długie, wycięcia są nieprawidłowe, zgadza się tylko szerokość ale co z tego skoro odstaje bokami, jest PŁASKIE a nie zaokrąglone jak mówi opis, N I E    P O L E C A M ! ! !",0,0,T,,0
"Nie ma tragedii, ale zastosowany materiał nie jest zbyt wytrzymały, a spasowanie części również nie jest idealne. Dedykowane szkło jest odczuwalnie grubsze niż te powszechnie stosowane i mam wrażenie że przez to ekran jest mniej czuły. Plusem jest to, że etui obejmuje również przednie zaokrąglone krawędzie wyświetlacza. Raczej nie zdecydowałbym się na ponowny zakup.",1,0,N,1.0,1
"etui pasuje do Samsunga 4+ co do szybki mam niewielkie zastrzeżenia (rozmiar i kształt uniwersalny) ,szybka która miała chronić telefon pękła na rogu w palcach przed przyklejeniem jej do telefonu . Powierzchnia mimo dokładnego oczyszczenia nie przykleiła się na całej powierzchni i na ekranie widoczny jest podłużny pasek powietrza pod spodem",1,1,T,,1
"Zestaw nie zawiera instrukcji montażu, więc zajęło chwilę poskładanie go tak jak należy. Niektóre elementy nie wydają się bardzo solidne (np. oprawki żarówek, statyw). Ogólnie zestaw jest OK, jak za taką cenę. Zdjęcia przedmiotów w nim umieszczonych wychodzą dużo lepiej niż samym aparatem z lampą - cienie faktycznie są miękkie i delikatne.",1,1,T,,1
"Wykonanie i estetyka na wysokim poziomie. Użytkowałam juz te etui i zapewniam, że jest wygodne i funkcjonalne, a przy tym bardzo efektowne i naprawdę zabezpiecza telefon przed upadkiem. To etui nieraz uratowało mój telefon (spory wyświetlacz (6,44 cala). Dopiero upadek na tzw. płask, przy otwartej klapce   spowodował pojawienie sie drobnej rysy na hartowanym szkle. Polecam zdecydowanie zakup.",2,2,T,,2
LCD świeci ładnie i wyraźnie. Nie jest to co prawda amoled samsunga ale wygląda znośnie. Problem w samym wykonaniu frontu.Sam LCD Jest nieznacznie grubszy niż oryginał i nie ma możliwości poprawnego wklejenia w ramki. Całość nie mieści się w korpusie. Całość po wklejeniu wystaje z ramki o ok 0.5mm. Nie wygląda to fajnie.,1,0,N,0.0,0
"Mówiąc krótko szkło kiepskie. Dłużej: szkło na starcie jest porysowane, pasek odkleił się sam i nie odkleił folii, co spowodowało, że trzeba było ją mechanicznie odkleić (to spowodowało odciski palców i kurz). Wacik do polerowania zostawia bardzo dużo niteczek, nie nadaje się kompletnie. Po tej zabawie tylko porysowany telefon. Nie polecam kompletnie.",0,0,T,,0
"Świetny odkurzacz ! Za te pieniądze - mały, lekki, zgrabny, pięknie wygląda i co najważniejsze  bardzo dobrze ciągnie. Szczotkę aż ciężko oderwać od podłogi :) Bardzo dobry zakup. Gdybym miał jeszcze raz kupować odkurzacz - to tylko ten. Wcześniej używałem 3 razy droższego zelmera. Różnica jedynie w ilości akcesoriów z których rzadko korzystam. POLECAM !!!",2,2,T,,2
ładny i przydatny co do jakośc oczyszczania nie mogę nic powiedzieć bo nie mam jak sprawdzić  Wg. mnie istotne: wskaźnik LED odlicza dni niezależnie czy uzywałeś codziennie czy nie więc nie wiadomo właściwie kiedy zmienić filtr (150 l w ciągu 30 jesiennych dni nie przelaliśmy przez dzbanek na pewno). Używamy wyłącznie do picia. Do gotowania natomiast wodę z kranu.,1,1,T,,1
"Etui mega spoko, dobrze się trzyma telefonu i zmienia jego wygląd na plus, aż znajomi pytali czy kupiłam nowy telefon.  Niestety szybka trochę gorszej jakości - ale może to dlatego, że ekran mojego modelu tel. jest lekko zaokrąglony i żadna szybka nie trzyma się zbyt dobrze, przez co potem pęka :(   OBsługa i wysłka na 5! ",1,2,N,1.0,1
"Produkt posiada wszystkie wcięcia które powinien posiadać, lecz nie wszystkie kable da się podłączyć do lądowania (dolną część ramki przy gnieździe do ładowania trzeba nadpiłować). Poza tym ramka godna polecenia. Nie odpina się, spadł telefon mi nie raz i nadal żyje (nie korzystam ze szkła hartowanego). Lepsze rozwiązanie niż z podobnymi ramkami przykręcanymi na śrubki które wiecznie się odkręcają.",1,2,N,1.0,1
"Co prawda szkło jest jeszcze krótko na moim telefonie ale już chcę przestrzec potencjalnych kupców o fakcie, iż przez nie (to szkło) bardzo słabo a praktycznie kompletnie nie działa czytnik linii papilarnych. Oby chociaż dobrze ochroniło przed ewentualnym zbiciem ekranu, chociaż chyba nie chciałabym sprawdzać bo jeszcze bym się rozczarowała. ",0,1,N,0.0,0
"to jak dobrze się klei do magnesu zależy od siły magnesu, więc ciężko o uchwyt z wystarczająco silnym magnesem, bo sam telefon też trochę waży ;/ cała reszta jak najbardziej na plus, wygodny i nie tylko powierzchnia ale też dodatkowy uchwyt na palec zwiększa znacznie pewny chwyt :) jak z ochroną ciężko mi ocenić, bo nie upuszczam telefonów",1,2,N,1.0,1
"Witam niestety gdzieś zawieruszył mi się paragon i nici  z reklamacji ,towar oceniam na  beznadziejny ,bateria jest minimalnie mniejsza od wyciągniętej fabrycznej ,ale to by jeszcze nie miało  takiego znaczenia gdyby bateria pracowała poprawnie a pracuje beznadziejnie ,średnio  przy normalnym użytkowaniu wymagała ładowania dwa razy na dzień ",0,0,T,,0
"Rozumiem,że cena słuchawek nie jest porywająca ale fakt,że jedna słuchaweczka była pęknięta a z drugiej paczki, słuchawek jedna z niej jakby nie sklejona od razu wypadła, przentując mi zaratość kabelków itd , to uważam ,ż etowar jest wadliwy. Chyba bym nie poleciła. Za 15,99 kupiłam w markecie identyczne, wszytsko działa, nei rozpadły się po rozpakowaniu :)",0,0,T,,0
"Nie mam możliwości zbadania wody przed i po filtrowaniu, ale czajnik, do którego lejemy wodę tylko przefiltrowaną wcześniej do dzbanka dużo mniej zarasta kamieniem (nie to, ze w ogóle, ale różnica jest bardzo wyraźna). Z rzadka zdarzy, że filtr się przytka (zdarzało się też przy innych producentach), wtedy wystarczy go wyciągnąć i wstrząsnąć.",1,1,T,,1
"Generalnie OK, jednak po sprzęcie kilkukrotnie droższym od najtańszego spodziewałem się lepszej jakości. Radio koszmarne, jeśli ktoś kupuje, żeby posłuchać przed snem, to niestety nie nadaje się. Projektor tylko na sufit i to w pozycji dziwnej, zmiana i regulacja średnio pomaga. Jako zegarek spełnia swoją funkcję, gdu=yby nie radio, można polecać.",1,0,N,0.0,0
"""Albumy są słabej jakości. Materiał nie jest dostatecznie wytrzymały, stąd też zagniecenia okładki albumu  powstają już w chwili transportu. Folia z której wykonana jest """"koperta"""" na zdjęcia jest bardzo delikatna i targa się podczas umieszczania zdjęć w albumie. Cena nie jest wygórowana, ale w marketach można kupić album w tej samej cenie w dużo lepszym wykonaniu.""",0,0,T,,0
"Dla początkujących jak najbardziej okej. Dźwięk nieco przytłumiony, ale to jest mikrofon za kilka stówek, który ma w sobie interfejs audio. Mikrofony pod usb nigdy nie będą tak dobre jak te łączone preampem czy mikserem. Wykonanie wporządku, statyw troszkę ssie popfiltr daje radę. Pudełko raczej minimalistyczne ja osobiście musiałem dokupić walizkę aby móc go bezpiecznie przewozić.",1,1,T,,1
"""Dobra, zgodnie z oczekiwaniami. MA być szybsza od klasycznych mechaników - nie jestem w stanie tego zmierzyć.  Dla zwykłego """"pisania"""" nie najlepsza ze względu na czcionkę i widoczność liter wyłącznie po podświetleniu klawiatury.  Ale szybka potrzebna jest do grania, nie do pisania. Do gier fajna, a pisma też można, tylko trzeba się przyzwyczaić. Jeśli poszukujesz mechanicznej - polecam. """,1,2,N,1.0,1
"Folia 3mk shield mogę polecić. Testowałem wcześniej folię 3mk arc i zauważyłem dużą różnicę pomiędzy tymi foliami. ARC jest mało trwała, szybko krawędzie przestają przylegać i wchodzi pod spód bród. Wkładając telefon do kieszeni spodni folia lubiła przesuwać się. W foli  3mk shield doświadczyłem tego do teraz. Folię mam założoną od września tego roku.",1,2,N,2.0,2
"Dobrze zabezpiecza mój smartfon przed zarysowaniami i upadkami z niewielkich wysokości. Mi się podoba polecam wszystkim. ps. trafił mi się egzemplarz z otworem na czytnik linii papilarnych, którego mój telefon nie ma. Po rozpakowaniu przestraszyła mnie ta dziura z tyłu, ale po napisaniu pierwszego sms-a stwierdziłem że poprawia chwyt przy obsłudze jedną ręką. ",1,2,N,2.0,2
"Porażka! Z tak słabymi zdjęciami jeszcze się nie spotkałam a zawsze zamawiam przez internet! Jakość, kolory i papier który jest bardzo cienki-pierwszy raz coś takiego widzę!  Zdjęcia poniżej do porównania oryginalnego i odbitki. Nie wiem czy z tych 210 zdjęć wybiorę chociaż 20 które się do czegoś nadają. Strata pieniędzy!!!!!!",0,0,T,,0
"""Niestety, zbyt łatwo przesuwająca się przednia klapka (zbyt miękkie zawieszenie) i źle wycięty górny otwór powodują, że komfort używania w postaci praktycznych okienek jest umniejszony przez często pojawiający się komunikat """"Nie zakrywaj górnej części ekranu"""" a tryb pracy z podparciem w zasadzie nie jest użyteczny. Ale na co dzień da się używać jako ochronka telefonu.""",0,0,T,,0
"Bardzo dobrze wykonane etui, idealnie pasuje do telefonu. Jedyny minus to wyjście na słuchawki. Jest otwór w gumie, ale nie ma go w klapce etui, więc podłączenie słuchawek uniemożliwia zamknięcie klapki. Szkło też pasuje idealnie, natomiast ściereczka, która powinna być nasączona płynem do wyczyszczenia ekranu, była sucha. Poza tym brzegi szkła nie doklejają się dokładnie do ekranu.",1,0,N,1.0,1
"Ogólnie w porządku, ale można używać  tylko w gniazdku. Nie można np. postawić i podłączyć do przedłużacza ze względu na wlot powietrza od spodu. Kupiłem z myślą o suszeniu samochodu w środku i do tego się nie nadaje. Głośny i mocno śmierdzi, ale się może się wypali. Obsługa klienta ok.",1,0,N,0.0,0
"""Po niecałym dniu użytkowania szkło zaczęło się kruszyć i pękać, mimo że telefon był w obudowie i tak na prawdę nie uległ żadnemu upadkowi, ani niczemu co mogło wpłynąć na jego uszkodzenie. Mam też wrażenie, że nieco wpływa na jakość przedniego aparatu, ponieważ czasami obraz jest """"zamglony"""". Dopasowanie jest jednak bardzo dobre i sam klej dobrze trzyma.""",1,0,N,0.0,0
"Akumulatorki ładowały się 30 minut do pełnego ładowania ( a były w stanie rozładowania), więc ich pojemność jest pewnie 550mAh a nie deklarowane. W firmowych o pojemności 2000mAh ładowarka potrzebuje ok 4 godzin do pełnego naładowania. Nie spodziewałem się oczywiście otrzymać tego co jest napisane na obudowie, ale mógłby to być produkt trochę lepszy :)",0,1,N,0.0,0
"Płytka, jak płytka. Robi swoje. Trzyma aparat, trzyma się w głowicy. Kupiłem ją jako zamiennik do głowicy Vanguard GH-300T. Była jednak za krótka. Gdyby nie to, byłaby OK. Choć opisują ją jako 38mm, jest jakby trochę za szeroka i za gruba do tej głowicy, ale dałoby się ją zamontować i używać.",1,0,N,1.0,1
Kamera działa ok ale radio to porażka. Guziki na przodzie to atrapa. Gdyby mi gdzieś pokrętło nie wyleciało bo nawet nie było przyklejone to bym odesłał. Gubi dźwięk i raz gra raz nie. Nawet żeby ściszyć to trzeba sie rozkojarzyć bo pokrętło na panelu nie działa. Nie tracie nerwów na te chińskie badziewia. Lepiej dołożyć i mieć spokój.,0,0,T,,0
"Łatwo zamontować, ale trzeba uważać, bo podkład-zabezpieczenie jest twardsze niż samo szkło. Nie trudno złamać szkło przy odklejaniu od zabezpieczenia. Samo szkło ma dobry poślizg, dobrze przylega i ma odpowiednią ilość kleju. Na minus ramki boczne w kolorze, które zasłaniają boczną krzywiznę. Sam dotyk łapie nawet na zakrzywieniu. Gdyby nie to obramowanie to byłby ideał.",1,1,T,,1
"Działa OK, transfery na pendrive HAMA USB 3.0 (w zasadzie 3.1 Gen 1 po zmianie nazw :v) wyciąga pełną prędkość. Ale! Windows czasem może nie zainstalować sterowników do HUBa, objawia się to problemem z niektórymi urządzeniami. Polecam użyć darmowego  programu  SDI (Snappy Driver Installer) do pobrania sterownika - wtedy nie ma bata, musi działać ;) Warte swojej ceny.",2,2,T,,2
"""Wieszak wykonany w bardzo przyzwoity i solidny sposób. Przeznaczony raczej dla ciężkich telewizorów o dużej przekątnej ekranu. Niestety mimo standardu VESA nie nadaje się do telewizorów o rozstawie otworów 30X20 cm - otwory nie są dopasowane i przy np. przekątnej 55"""" uchwyty będą wystawać poza telewizor, chyba że nawierci się dodatkowe otwory samemu. """,1,0,N,1.0,1
"""wg opisu z auk.ji i instrukcji dostarczonej przez producenta czas  działania """"do 8 godzin""""  w praktyce czas działania  jaki udało się uzyskać po całonocnym ładowaniu to 1:45h,  równie dobrze można było by napisać że działa do 1 roku na jednym ładowaniu,  ten adapter to pieniądze wyrzucone w błoto,  nie kupujcie tego""",0,0,T,,0
"Jakość wody naprawdę uległa znacznej poprawie, wcześniej czajnik ciągle się zakamieniał, odkąd używamy filtrowanej wody kamienia nie widać wcale.  Do zakupu podchodziliśmy sceptycznie, ale jesteśmy bardzo zadowoleni, gdyż jakość wody u nas w kranie to istna tragedia, pić tego nawet po przegotowaniu się nie dało, a teraz jest dużo lepiej :)",2,2,T,,2
"""Sokowirówka godna uwagi. """"odpadki"""" są suche więc dobrze wyciska sok. Trochę mały pojemnik na sok. Z marchewkami radzi sobie nieźle. Sysyem niekapania czasem przypadkowo się zamyka co jest niebezpieczne dla mechanizmu bo może zalać się sokiem ale jest bardzo przydatny bo można w spokoju przelać sok do szklanki bez podkładania dodatkowych pojemniczków. Czysto i wygodnie.  Ja polecam""",2,2,T,,2
"""Torba świetnie wykonana, zamki bardzo dobrej jakości, ładnie przesuwają się i nie zacinają. Co ważne nie czuć """"Chińczykiem"""" od tej torby. Metka z napisem """"Made in Poland"""" bardzo na plus :) Fajnie jakbyście jeszcze zrobili szmacianą wszywkę w środku z tym napisem bo to ważna sprawa :) Polecam z czystym sumieniem :)""",2,2,T,,2
"Produkt spełnia swoje przeznaczenie, jednakże podczas użytkowania na produkcie pozostają wyraźne ślady zagięć co w znaczącym stopniu szkodzi estetyce. Ślady te nie odkształcają się same, tylko pozostają na produkcie. Za cenę 40 zł od produktu oczekuję nie tylko spełniania swoich funkcji ale również estetycznego wyglądu co niestety w tym przypadku jest psute przez odkształcenia.",1,0,N,0.0,0
"spełnia swoje zadanie, ale poprzedni model który miałem miał metalowy spód a tu plastik, nie otwiera się bezszelestnie tylko na sucho trochę szoruje (przydałoby się jakieś smarowanie), wydaje sygnał dźwiękowy otwierając się z kilko sek. opóźnieniem, to też w porównaniu do mojej oryginalnej z laptopa trochę dziwne, dioda świeci na żółto, a w starej miałem na pomarańczowo",1,1,T,,1
"Produkt o doskonałym kompaktowym wymiarze, który sprwuje się bardzo dobrze do podstwowych domowych potrzeb gdzie jest potrzeba odtworzenia płyt DVD. Złącze HDMI zapewnia doskonała jakosc obrazu. Bardzo łatwa obsługa wygodny pilot na zadowalajacym poziomie. Praca z pamieciami Flasch po podpieciu do portu USB uzalezniona od ich objętości im większa pamięć tym dłuższa praca urzadzenia. Do podstawowych potrzeb goraco polecam. ",2,2,T,,2
"Wygląd jak na zdjęciach, jednak cyfry są zbyt wąskie. UWAGA  w opisie przedmiotu nie ma informacji, że zegarek nie posiada trybu 24h, jest tylko 12AM/PM. Gdyby to było zamieszczone w opisie, to nie kupiłbym go. Chyba nie ma w zegarku bardziej irytującej rzeczy, jak gdy zamiast np. 15:00 widzę 3:00.",0,0,T,,0
"Szukałam czegoś, co pozwoli mi zwiększyć pojemność dysku mojego laptopa, a nie będzie powodować problemów pierwszego świata, jak plątanina kabli czy wystająca karta. Kiedyś widziałam coś podobnego na zagranicznych stronach, a tu nagle trafiłam na to cudo. Sprawdza się genialnie, minimalnie wystaje, ale obły kształt i brak krawędzi sprawiają, że nie ma szans tego zaczepić, złamać itp. Super!",2,2,T,,2
"Świetne rozwiązanie do zastosowań domowych i nie tylko, ogranicza was tylko wyobraźnia. Świetnie trzyma telefon a nawet mały aparat fotograficzny. Można to małe cacko ponieść ze sobą gdzie się chce bo jest naprawdę leciutkie. Ustawić lub przyczepić w najprzeróżniejszych miejscach i kręcić lub robić zdjęcia w trudnych warunkach oświetlenia. Bomba do zdjęć z książek.",2,2,T,,2
"etui ładne, magnes trzymam wzorek nie ściera się, na narożnikach wycierają się krawędzie, z czasem zgięcia etui przestają się trzymać w pozycji np. do oglądania filmu. Szkło pomimo reklamowania dopasowania do konkretnego modelu telefonu nie przylega w całości (w opisie uwzględniono to) - jest o 5 mm krótsze niż ekran i na zaokrągleniach płaszczyzn odstaje. ",1,1,T,,1
"Po ponad miesiącu użytkowania mogę stwierdzić iż casy są średniej jakości, szybko się rysują i pękają same na rogach. Kupiłem 4 sztuki i dwie z nich już wylądowały w koszu gdyż pękł sam bok i pęknięcie posuwało się dalej, aż obudowa się ukruszyła. Ponadto kolor czerwony potrafi brudzić i farbować. No ale jaka cena taka jakość. ",0,0,T,,0
Dysk jest widoczny jako SAMSUNG - nieco mniejsza pojemność od zadeklarowanej ( około 112 GB)  Lecz za takie pieniądze to świetny zapas na dane - tym bardziej że HDD a nie flasch więc jest szansa że przetrwają lata ( np zdjęcia i filmy jakie chcemy zachować - bo właśnie w tym celu został zakupiony ),1,1,T,,1
Nie polecam. Pasek miał być najwyższej jakości. Sam pasek jest ok natomiast jeden z teleskopów jest nieco grubszy i nie dokładnie pasuje. ( teleskopy to tani zamiennik) Nie zakładam paska gdyż obawiam się że mogę go zgubić. ( szkoda stracić zegarek za niemałe pieniądze ). Nie polecam osobom którzy cenią sobie jakość produktu.,0,0,T,,0
"Według mnie takie coś nie powinno trafić na rynek. Szkło nie przykleja się na brzegach ekranu (bo jest on leciutko zaokrąglony), z czasem pod spód dostaje się kurz i syf i całość wygląda tragicznie,  niestety do tego telefonu trzeba kupić albo szkło bardziej miękkie (7H), albo sporo mniejsze, albo folię... powinni tego zabronić",0,0,T,,0
"Po pierwsze szkło ewidentnie nie jest dedykowane do Redmi Note 6 Pro. Jest dużo za małe i nie zakrywa całego ekranu, a do tego czarny pasek z dołu zakrywa część wyświetlacza. o Otwory na obiektyw, słuchawkę i czujniki również nie pasują. Jakby tego było mało mój egzemplarz był mocno uszkodzony, a konkretnie cały popękany. Nie polecam.",0,0,T,,0
"Zakupiłem torbę razem z maszynkami do strzyżenia oraz innymi akcesoriami fryzjerskimi. Z początku myślałem, że jest za duża ale po ułożeniu wszystkiego w środku okazała się w sam raz. Zamykana jest na zamek z dopinanym paskiem i wyposażona w środku w kieszonki na maszynki oraz inne akcesoria dzięki czemu można mieć wszystkie potrzebne do strzyżenia rzeczy w jednym miejscu. ",2,1,N,1.0,1
"Bateria zapakowana fabrycznie jednak w instrukcji napisane było,że powinna pokazywać 70% naładowania a niestety było 5% ! Po trzech próbach ładowania (ładowała się kilka minut i konie) naładowała się i działa ale nie wiem czy to 5 zamiast 70 nie będzie miało wpływu na żywotność.Nie jestem w stanie tego ocenić po kilku dniach więc mam trochę mieszane odczucia.",1,0,N,1.0,1
Porażka. Ekspres za prawie 4tys. zł był wysyłany kilkukrotnie na serwis w przeciągu 2 lat użytkowania. Za każdym razem serwis stwierdzał że ekspres był zbyt rzadko odkamieniany co było nie prawdą. Zawsze był odkamieniany gdy pojawiał się komunikat. Albo coś jest nie tak z odkamieniaczem DeLonghi albo z ekspresem tego samego pożal się Boże producenta. Nigdy więcej DeLonghi.,0,0,T,,0
"Porażka. Pomimo odkamieniania i czyszczenia układu spieniania mleka ekspres kilkukrotnie ulegał awarii i był wysyłany do serwisu. Serwis stwierdzał że ekspres był za rzadko czyszczony, co oczywiście było nie prawdą. Albo coś jest nie tak z ekspresem tej samej firmy albo że środkami do czyszczenia. Nigdy więcej DeLonghi!!! Zarówno sprzętu jak i chemii. PORAŻKA!!!",0,0,T,,0
"Bardzo dobry odkurzacz. Siła ssania zaskakująco mocna. Głośność akceptowalna, bo odgłos pracy jest inny niż w starych odkurzaczach. Dzieci bały się starego Samsunga o głośności podobnej w decybelach, ale była inna praca silnika. Tego odkurzacza się nie boją, bo przyjemnie szumi. Polecam - zawsze długo i staranie dobieram sprzęt - tym razem ponownie strzał w 10. ",2,2,T,,2
"Rakieta - 8 rdzeni, 16 wątków. Super wentylator RGB z logiem AMD. Chciałem z początku kupić threadrippera, ale ten procesor starczy aż nadto. Głównie dlatego, że większość obliczeń przerzucam na GPU. Wentylator cichy. W dobrych płytach głównych można zmieniać mu obroty w zależności od temperatury procesora. W moim przypadku przez większość czasu jest po prostu niesłyszalny.",1,2,N,2.0,2
Gorąco polecam tę szczotkę szczególnie właścicielom czworonogów. Kilkanaście lat szukałam skutecznego sposobu na sprzątanie kocich kłaków z dywanów. Szczotki obrotowe nie dawały rady. Ta szczotka jest rewelacyjna. Ściąga włosy ekspresowo. Trzeba się trochę namachać ale efekt jest piorunujący. Dla mnie to odkrycie równomierne z odkryciem koła. No i cena oczywiście też super. Taki efekt za niecałe 30 zł. POLECAM!!!!,2,2,T,,2
"""Według mnie najlepszy rodzaj etui, wytrzymałe i dobrze chroni, niestety """"nózka"""" się wyrabia i po kilku miesiącach (jeżeli się jej często używa) potrafi się popsuć, tzn. połamać bądź pęknąć. Mimo to telefon w czymś takim nie wygląda źle, a jego żywotność na pewno mocno się wydłuża i korzystam z miłą chęcią.""",2,0,N,1.0,1
"Etui ładne, niestety zostaje sporo tłustych śladów, a dostęp do otwarcia stopki (kółka) jest nieco ograniczony i trudno to zrobić bez paznokci. Telefon na pewno ochroni lepiej od jakiegoś zwykłego silikonu i jest przyjemne w dotyku, a fakt iż można w sekundę zamontować telefon do stojaka (niestety chyba tylko do samochodu) za pomocą magnesu to ogromny plus.",1,0,N,1.0,1
"Bardzo słaby. Po pierwsze, wbrew promocyjnym zapewnieniem nie da się nalać wody bez zdjęcia pokrywki, bo nie widać poziomu nalewanej wody. Do tego  jest tak zbudowany, że nie można korzystać z wody, zanim się cała nie przefiltruje: przy próbie wcześniejszego wylania z dzbanka przefiltrowanej wody wylewa się jednocześnie przez otwory w pokrywie (te do napełniania dzbanka) woda nieprzefiltrowana.  ",0,0,T,,0
"Używam od miesiąca, bardzo fajne słuchawki, jakość dźwięku OK, fantastycznie leżą w uchu (nie ma opcji żeby wypadły nawet przy intensywnym sporcie, przy czym bardzo wygodnie się zakłada). Jeden mankament - czasem po włączeniu szwankuje komunikacja bluetooth (łączy się i rozłącza z telefonem w kółko) - jednak po ponownym restarcie słuchawek jest OK.",2,2,T,,2
"Dla małych telefonów ok, choć plastik nie sprawia wrażenia solidnego i wygina się dosyć łatwo. Uchwyt nie nadaje się dla średnich i większych smartfonów ponieważ jest za mały. Sprężyna jest za silna i mój telefon, który ma 7,5 cm szerokości wchodzi już na mocny wcisk i trudno go tam zamocować. ",1,1,T,,1
"Całkiem ok trzyma się szyby jak nie odkleja się i przykleja codziennie. 2 razy odpadł przy upale powyżej 30 stopni - nie było to w trakcie jazdy. Nie ma kilku kolorów metalowych naklejek na tył smartfona, wg. mnie powinna być biała i czarna w zestawie. Ja używam pod etui cienkim i jest ok.",1,1,T,,1
"Łatwy montaż i dobrze trzyma się szyby. Szybkie, proste wkładanie telefonu. Jeżeli nie używa się telefonu ładuje tak szybko jak ładowarka standardowa na kablu. Przy używaniu nawigacji, ładowanie bardzo powolne, ale zawsze trochę  doładuje - ale musi być dobry zasilacz USB i dobry kabel aby przy długim kablu był mały spadek napięcia.",1,1,T,,1
Bardzo fajna myszka o standardowym kształcie i niebiesko-czarnym kolorze. Nadaje się w sam raz do użytku w biurze czy też w domu. Jest bardzo lekka oraz działa bezprzewodowo. Mysz działa nawet do 5 metrów od odbiornika. Obsługuje technologię Logitech Unifying dzięki której można sparować kilka urządzeń firmy Logitech do jednego odbiornika USB co pozwala na zaoszczędzenie gniazd USB.,2,2,T,,2
"Super kijek. Odrobinę krótszy niż większość standardowych kijków (tak z 5-10cm) ale i tak jest ok. Za to dobrze wykonany, solidny, nie chwieje się tak jak ta tania tandeta. Jest ładny. Fajnie się składa. No i uważam, że rozwiązanie z minijackiem jest lepsze niż kijki bluetooth, dużo szybsze do przygotowania, nie trzeba się bawić w żadne parowanie bluetooth tylko cyk i już.",2,2,T,,2
"Jestem zadowolony. Używam od ponad 2 tygodni (słucham dużo muzyki przez Tidal). Dźwięk jest przyjemny, ale kabel wydaje się być delikatny (nie sądzę, żeby był w stanie wytrzymać rok). Dodatkowo wadą jest ten pilot (przyciski dosyć ciężko się naciska). Pilot mógłby być też lepiej umiejscowiony.   Jednak sam mikrofon nadaje się do rozmów",1,1,T,,1
"Pozytywne opinie na temat tego uchwytu zachęciły mnie do jego zakupu, niestety bardzo się rozczarowałam. Uchwyt wcale nie trzyma się kokpitu, już po chwili sam się odkleja. Próbowałam zamontować go kilka razy, niestety nie udało się. Być może do szyby się nada, ale jeśli ktoś chce ten uchwyt na kokpit to nie polecam, strata pieniędzy. ",0,0,T,,0
"W sumie uchwyt działa sprawnie - jedynym problemem jest fakt, że mam zamykane etui na telefon i albo trzeba zrezygnować z ładowania i przykrywkę odwinąć do tyłu (pod telefon) - lub korzystać z ładowania z zamkniętą klapką (brak możliwości odebrania połączenia, nie widać kto dzwoni itp itd. Sam uchwyt choć na początku zwróciła moją uwagę delikatność wykonania spisuje się zupełnie bez zarzutów. ",1,1,T,,1
"Telefon zgodny z opisem. Tak jak było podane - kilka rysek na obudowie, bo powystawowy, ale sprzęt działa jak nowy i świetnie się sprawdza. Fajnie, ze etui i szybka są w gratisie.  Mój pierwszy iphone. Oprogramowanie ios bardzo mi się podoba i jest bardziej funkcjonalne niż android. Aparat robi zdjęcia o bardzo naturalnych kolorach, dobrej jakości ",2,2,T,,2
Po wyjęciu z opakowania wygląda na to że towar jest ok. Telefon dobrze trzyma się w uchwycie. Materiał na tyle giętki że da się formować i na tyle sztywny że sam się nie odkształca. Jednym słowem w sam raz. Może służyć do trzymania telefony na szyi jak i w ręku. Całkiem fajny pomysł.,2,1,N,1.0,1
"O Ile inny produkt tej firmy został mi polecony przez profesjonalnego fryzjera, tak ten konkretny jest po prostu chińskim tworem z naklejką WAHL. Maszynka w dotyku tania i lekka. Nie sprawia dobrego wrażenia. Silniczek wydaje przeraźliwe dźwięki i działa tylko wpięty sieciowo. Ledwo zipie na akumulatorze, dlatego nie polecam jeśli ktoś chce używać mobilnie. ",0,0,T,,0
"ciężko podważyć ich oryginalność, na co dostałem zapewnienie, bo wyglądają identycznie jak te dołączone do Samsunga S8 za 2500zł, które miałem okazję testować od znajomego (dlatego się połasiłem) Niemniej grają o wiele słabiej. Mają zdecydowanie mniej dołu, są cichsze, dźwięk jest mniej nasycony. Reasumując sugeruję testować je na miejscu i wtedy podejmować decyzję w celu uniknięcia rozczarowania. pozdrawiam.      ",0,0,T,,0
"""Zasługuje na dwie i pół gwiazdki. Łączenie z odbiornikiem dobre, nie zawsze można odebrać poprzez przycisk. Niska jakość i wytrzymałość pałąka mocowania, powinna byś profilowana. Po dwóch miesiącach kupiłem nowy, po kolejnych znowu. W uchu siedzi dobrze, lecz ze względu na kształt gumy zaczyna """"drażnić"""", odbiorca połączenia niezależnie od marki telefonu, smartfona narzeka na jakość połączenia, użytkownik ma świetną słyszalność. Nie kupię powtórnie.""",0,1,N,0.0,0
"Drukarka laserowa ma pojemnik na arkusze A4 do 250 szt. czyli kartki nie są narażone na pogniecenie, zakurzenie jak w tańszych modelach z podajnikiem kartek i drukuje dwustronnie. Można też podawać kartki pojedynczo z osobnej tacki co jest bardzo wygodne np. przy zmianie formatu, koloru kartki itp. Cena niewiele wyższa od najtańszych modeli tej firmy.",2,1,N,1.0,1
"Takiego telefonu oczekiwałem. Nie lubię martwić się co się stanie jak wypadnie mi z ręki lub wypadnie z kieszeni. Ten wytrzyma niemal wszystko a do tego szybki, świetny ekran, 2 karty SIM + micro SD. Nie jest może cienki jak kartka papieru, ale dobrze leży w ręce, naprawdę solidny. Bateria na kilka dni + szybkie ładowanie. Dla mnie same plusy. Polecam!",2,2,T,,2
"Uchwyt wykonany solidnie. Montaż jest bardzo prosty i stabilny. Bez problemu można przepiąć uchwyt czy poprawić ustawienie telefonu za pomocą nakrętki. Telefon nakładasz na dolną część i boki same się 'zamykają'. Raczej nic nie trzeszczy, nie pęka. Jeśli w czasie jazdy nie ma w uchwycie telefonu potrafi wydać z siebie odgłosy ruszających się zębatek, ale nie jest to uciążliwe. Polecam!",0,2,N,2.0,2
"""Jakość tego produktu jest fatalna. Końcówka USB jest wadliwa i bardzo luźno siedzi w gniazdku, więc komputer przeważnie w ogóle nie widzi tego dysku, a każde potrącenie czy dotknięcie kabelka powoduje podłączenie/rozłączenie. Sama obudowa wygląda na bardzo kiepską i niesolidną. Dysk w środku """"lata"""", jak potrząśnie się nim lekko, słychać stukot. Nie zapisałabym na nim moich plików. Nie można zaufać temu produktowi... """,0,0,T,,0
"Najlepszy uchwyt samochodowy jaki miałem do tej pory. Koniec problemu z odpadającymi przylepami. Na kratce wentylacyjnej uchwyt trzyma się pewnie, a telefon pewnie leży w uchwycie. Dodatkowa zaleta to dobre chłodzenie telefonu w upalne dni dzięki nadmuchowi z kratki wentylacyjnej, co niestety przy uchwytach montowanych na szybie nie jest możliwe. Polecam!",2,2,T,,2
"Po kilku beznadziejnych słuchawkach (reklamowanych jako super produkt) firmy Samsung, ta słuchawka jest jak przesiadka z furmanki na mercedesa. Mam już 2 takie i cały czas od ok pół roku działają bez zarzutu. Świetnie zaprojektowany uchwyt na ucho i działające przyciski to jest to czego potrzebuję. Nigdy więcej produktów Samsung !!! Plantronics jest OK !!",2,2,T,,2
"Części odpowiadająca za przylepienie/przyczepienie super. Nigdy nie spada i wręcz lepi się do szyby. Natomiast na głowicy kulkowej są duże wstrząsy które przenoszą się na telefon podczas jazdy. Wiec telefon zawsze się trzęsie na uchwycie. Dopiero zamontowanie mniejszego telefony poniżej 4,5 cala minimalizuje w/w objawy. Do dużych telefonów uchwyty z głowicami są beznadziejne. ",1,1,T,,1
"niestety  przystawka absolutnie nie spełnia swojej roli tak jak mowa w nazwie . Wyciskane maliny wraz z sokiem i tak wychodziły wylotem z przodu maszynki  . a bokiem tylko niewielka ilość soku. Pomimo regulacji pokrętła z przodu przystawki , nic to nie dało . Jestem nie zadowolona z takiego rozwiązania.",0,0,T,,0
"Jeśli chodzi o myszkę liczyłem na trochę lepsze wykonanie, główne przyciski dość głośne, boczne przyciski są zbyt miękkie i mają za duży skok. Jeśli chodzi o plusy to na pewno świetny scroll, szeroki i wygodny. Dobra ergonomia, ale to już zależy od wielkości dłoni, gdyż myszka jest przeznaczona dla ludzi z dość dużym dłońmi. Świetnie wykonany kabel. Dobra precyzja sensora.",1,1,T,,1
"Produkt świetny, jedyne co się nie sprawdza to nakładka goląca zarost i podstawka. Podstawka mało stabilna, kiepsko mieszczą się na niej końcówki. Porównując nakładkę do golarki do innej golarki firmy Wahl to nakładka w zestawie mimo iż jest podwójna jest beznadziejna. Pojedyncza golarka Wahl ledwo daje radę, nakładka zostawia większość włosków niezgolonych.",0,1,N,1.0,1
"""""""Elastyczny"""" to niefortunne okreslenie, to jest kawal drutu, ktory pewnie po rozgrzaniu  w piecu jest elastyczny ;). NIEMNIEJ jesli juz komus uda sie wygiac go w żadany ksztalt, to jest dosc stabilny. Raczej do wygiecia raz i zostawienia w tej pozycji, a nie do zmieniania co chwile umiejscowienia. Sam uchyt do mocowania do np. blatu - OK.""",2,1,N,1.0,1
"Faktycznie ciche i miękkie klawisze, aż przyjemnie klikać. Dobra jakość materiałów. Plastikowe boki robią się śliskie, ale nie brudne, więc wolę takie od gumowych. Szerokie ślizgacze nie odlepiają się. Bardzo precyzyjna (3 ustawienia dpi). Jedyny minus: podświetlenie rozładowuje akumulator w tydzień/dwa, ale można je wyłączyć. Da się też używać podczas ładowania z USB. Za taką cenę - fenomen.",2,2,T,,2
"Moja stara N72 padła po 8 latach użytkowania. Nikt nie chciał podjąć się naprawy. Kupiłem ten sam model ze względu na bezawaryjność, przyciski (sic!) i sentyment. Choć również jestem użytkownikiem smartfona, to preferuję telefony z klawiaturą, zwłaszcza, gdy korzystam z urządzenia na mrozie czy deszczu. Nokia E72 nigdy mnie nie zawiodła.",1,2,N,1.0,1
"Pierwszy raz miałem przypadek, że po wlaniu do kartridża i włożeniu go do stacji, owa stacja oszalała. Kartridż czyściutki, uzupełniony tym płynem, a stacja stwierdziła, że potrzebna jest wymiana kartridża... Nie wiem czym to jest spowodowane, ale kupuję już Bioprettę od 2 lat i zalewam nią ten sam kartridż i do teraz nie było problemów. Braun 9260CC.",0,1,N,1.0,1
"jedyne co się zgadza to ze pokrywa cały ekran. natomiast to niby dopasowanie polega na 2 grubościach normalnie z chamskim schodkiem, żadnego zaokrąglenia. telefon wygląda gorzej niż ze zwykłym szkłem. szkło nie będzie pasowało do większości etui chroniących przód telefonu, gdyż trzyma się na tyle słabo że etui je odrywa od ekranu. ",0,0,T,,0
"Bardzo trafiony zakup, niska cena w stosunku do jakości, bardzo dobrze wykonany, przyjemny wygląd. Po pierwszym naładowaniu do pełna naładowałem swojego smatrfona od okoo 15-20% do 100% pięć razy (samsung S3 I9305 Poj baterii 2100mAh) co przy noname'owym power banku o tej samej pojemności udało się nie całe 3x. Produkt godny polecenia.",2,2,T,,2
"Trudno ocenić , ale wydaje mi się ,że nie są zbyt skuteczne do twardej wody. Do ekspresu używałem wyłącznie wody z tego filtra i zakamienił się bardzo szybko. Podejrzane wydaje mi się to ,że woda przelewa się przez filtr bardzo szybko i nie wiem czy ma czas się odkamienić . Ogólnie jestem rozczarowany.   ",0,0,T,,0
"Jak się przetrze czymś mokrym to faktycznie mocno klei (aż trudno potem oderwać ;p), aczkolwiek trzeba czyścić po kilku użyciach, inaczej od wstrząsu zamykanych drzwi telefon potrafi odpaść. Samo ramię trochę się trzęsie na wybojach, ale generalnie wykonanie i plastiki są ok. Jak za 10zł to jestem zadowolony, ale nie polecam tego uchwytu kierowcom zawodowym.",1,1,T,,1
"Pendrive solidnie wykonany,wytrzymały.Jeżeli chodzi o prędkość przesyłania danych to niestety jest kiepsko.Na usb 3.0 od 40 mb/s i spada.Mam dysk innej firmy o pojemnosci 600 gb i bez usb 3.0 mam stabilnosc predkosc na poziomie 60 mb.  Jako dodatkowy pendrive w ktorym mamy zapasowe pliki na pewno polecam, do szybkiego przesylania danych niestety sie nie nadaje :(",1,1,T,,1
"Bardzo dobre 2-warstwowe szczotki pracują w 11 letniej pralce Amica i praktycznie nie iskrzą. Na pewno nie wytrzymają tyle co produkcyjne, ale przy tej cenie mógłbym je wymieniać nawet co rok. Jest to proste, a w pralce wystarczy zdjąć tylko jedną klapę przykręconą 2 blachowkrętami i szczotki praktycznie mamy na wierzchu. ",2,2,T,,2
"Tym razem zostałem miło zaskoczony przez firmę Green Cell. Ładowarka jest wykonana bardzo dobrze, nie grzeje się, dobiera odpowiedni prąd do urządzenia. Matowa, przez co nie zbiera żadnych rys no i można powiedzieć, że dzięki swoim kształtom również elegancka :D Lecz nie to jest najważniejsze - działa dobrze, obsługuje QC 3.0, czego chcieć więcej w tej cenie? :) ",2,2,T,,2
"Bardzo dobry watomierz. Teraz wiem co najwięcej mi zżera prądu - Lodówka. Można sprawdzić czy opis zużycia energii różnych sprzętów zgadza się z rzeczywistością. I dowiedzieć się, że nawet pozostawienie w gniazdku przewodu od pralki powoduje pobieranie ok. 1W energii. Niby niewiele 5zł. na rok to kosztuje. Ale jeszcze inne sprzęty, ruter, ładowarki , telewizory i trochę się uzbiera. ",2,0,N,2.0,2
"Jedno z połączeń ma luzy. Tego luzu nie można skasować.  Kamera nagrywa ładny obraz tylko podczas jazdy po  gładkim jak stół asfalcie. Na wszelkich nierównościach  wpada w takie drgania, że miałem obawy czy się nie urwie.  Wkręt (malutki) metalowy wkręcony w plastik to marny  pomysł na przenoszenie drgań. W oczach widać jak luz  robi się coraz większy.",0,0,T,,0
"Generalnie - patchcord, jak patchcord. Działał.  Niestety - muszę odjąć jedną gwiazdkę za długość gotowania - jak na spaghetti - niestety zdecydowanie za długo się gotuje. Aczkolwiek - dobrze przyprawiony - jak najbardziej ok.  Trzeba tylko pamiętać, aby zdjąć wcześniej wtyczki - pomimo zieleni - nie dostarczają one żadnych wartości odżywczych ....",1,1,T,,1
"Etui w żaden sposób nie chroni telefonu, przy bardzo małym upadku dosyć, że magnesy się rozczepily to tylna pokrywa pękła. Dzięki temu zamiast super ochrony telefonu mam go rozwalonego.!!! W dodatku szkło pękło na 3 dzień użytkowania z niewiadomych przyczyn (chyba najbardziej cieniutkie szkło). Nie polecam. Lepiej kupić gumowe etui za 5 złoty... ",0,0,T,,0
"Jakość wykonania adekwatna do ceny. Szkło chroni w pełni wyświetlacz, ale trzeba pamiętać , że nie jest to pancerne szkło. Zakrywa cały wyświetlacz z tym , że szkło nie jest zakrzywione. Klej trzyma bardzo dobrze. Może ulec zniszczeniu przy mocniejszym uderzeniu. Ogólnie produkt bardzo tani, więc zakupiłem kilka szt na wypadek zniszczenia ;) Polecam",2,1,N,1.0,1
"Produkt ok. Czyścik jest estetyczny i spełnia swoje zadanie. Co prawda czarna farba na puszce sprawia wrażenie jakby miała lada moment zejść, ale to i tak nie jest sprzęt, z którym ktokolwiek bedzię się deliktanie obchodzić ;) Instrukcja na pudełku po angielsku przerzucona z chińskiego tłumaczem dodaje temu przedmiotu specyficznego uroku xd Przedmiot godny polecenia zwłaszcza za taką cenę.",2,1,N,1.0,1
"Etui na zdjęciu prezentuje się elegancko jednak w rzeczywistości totalny badziew. Plastik słabej jakości, ma się wrażenie że montujac telefon w obudowie zaraz wszystko popęka (choć i tak do mnie produkt trafił już uszkodzony więc telefon nie mógł być umieszczony w etui) klapka obudowy w ogóle się nie domyka, lata bezwładnie w lewo i prawo. Również nie polecam",0,0,T,,0
Wszystko ok.                                                                                                                                                                                                                                      Polecam,2,2,T,,2
"Lokówka za tę cenę w porządku, raczej do okazyjnego korzystania i na pewno konieczne jest utrwalenie loków, bo nie ma zbyt wysokiej temperatury, żeby same z siebie długo się trzymały. Jeśli ktoś chce korzystać na co dzień, lepiej kupić coś z regulacją temperatury, jeśli tylko od czasu do czasu, to będzie ok.",1,1,T,,1
"Wszystko w porządku. Działa jak należy. Niestety, jeśli mamy gniazdko, gdzie bolec od górnego portu jest w dolnej cześci, a bolec od dolnego portu jest w górnej części, to niestety nie da się włożyć programatora tak, żeby zająć to drugie gniazdko przez inne urządzenie. Programator spięty z bojlerem, nie nagrzewa się nadmiernie.",1,1,T,,1
"Niestety szkło w zamyśle jest do Nokii 7,1 aczkolwiek w rzeczywistości pasuje, ale tylko na szerokość. Na długość już nie bardzo. Przy próbie montażu okazało się, że wycięcie na przedni aparat nie jest kompatybilne gdyż zasłania część aparatu oraz czujnika zbliżeniowego. Aby tego uniknąć należy zamocować szkło tak aby w górnej części wystawało poza obrys telefonu ok. 1.5 mm...",1,0,N,0.0,0
"Niestety, plastikowe uchwyty ułamały się po ok 2 tyg. mimo że telefon ani nie upadł, ani nie został uderzony. Generalnie etui fajne ale zrobione z bardzo słabego materiału, ale czego można oczekiwać od etui za 9zł gdy oryginał kosztuje ponad 100zł. Oczywiście nie jest to wina sklepu, nie jest on producentem. Szkło na telefon jak najbardziej OK",1,1,T,,1
"To nie jest zarzut, ale rada. Jeśli zrobiłeś bochenek w tosterze, nie usuwaj go natychmiast. Pozwól mu wchłonąć całe ciepło z elementu grzejnego tostera. Natychmiast zaczęliśmy gotować bochenek w tosterze i natychmiast go wyjęliśmy. A po 3 razach zwróć uwagę, że korpus tostera stopił się trochę, prawie do dziury. To jego wada - cienkie obudowa.",0,1,N,1.0,1
"Szkło pasuje idealnie, założenie nie sprawia dużego problemu. Jednak strasznie łapie wszelkie zabrudzenia, palcuje się. Po pierwszym upadku telefonu z wysokości około 50 cm szkło odkleiło się. Spowodowane jest to małą powierzchnią kleju - tylko na rantach wokół. Cała powierzchnia ekranu tylko przylega. Trzeba zwiększyć czułość dotyku urządzenia aby można było normalnie używać telefonu.",0,1,N,1.0,1
"""Podstawową funkcję raczej spełnia tj. filtruje. Niestety brak tej (zazwyczaj niebieskiej) """"czapki"""" z okienkiem do zaznaczania miesiąca. Numery miesięcy są, ale nie ma jak zaznaczyć, niestety zorientowałem się już po wyrzuceniu starego filtra więc przełożenie nie wchodzi w grę. Przez brak tego elementu filtr nie siedzi w zbiorniku na wodę sztywno tylko się kiwa.""",1,1,T,,1
"Drugi raz już nie popełnię tego samego błędu. To szkło jest niedopasowane do telefonu, szybko się odkleja, a przez to dotyk nie działa jak powinien. Ogólnie strata czasu i pieniędzy na tego typu szkła. Lepiej poszukać szkła, które być może nie jest zaokrąglone na krawędziach, za to lepiej spasowane do telefonu",0,0,T,,0
"Zakupiony egzemplarz nie był dobrze spasowany, ramka etui delikatnie wygięta, kłopot sprawiał tylni panel - montaż siłowy na wcisk - nie wsuwany jak podano, ponad to panel tylni się ruszał, dołączone szkło hartowane nie trzymanie się telefonu mimo uprzedniego przygotowania wyświetlacza, dołączone ściereczki zamiast mokre były suche. Dokonano reklamacji - towar został wymieniony na inny bez ponoszenia kosztów.",0,1,N,0.0,0
"Niestety, kolor jest nietrwały i się zdrapuje. Boki już mam praktycznie starte i widać czarne rysy. Szkoda, ponieważ obudowa naprawdę fajnie wygląda i rzeczywiście na początku wyglądała dobrze i estetycznie. Jednak z kolejnymi dniami wyglądało to gorzej dlatego zdecydowałam się pomalować lakierem (co również nie wygląda dobrze ale chciałam dłużej zachować kolor). Z żalem stwierdzam, że obudowa tylko na chwilę",0,0,T,,0
"""Zakupiona do Laguny 2 ph1 z oryginalnym radiem """"Renault Tuner List"""", używam do niego kart microSD z przejściówką na SD 8GB Goodram. I super wszystko gra i śmiga, z pilota w kierownicy. Sam montaż jest bezproblemowy. Szkoda tylko, że taka duża wtyczka do samej zmieniarki jest i brak nazw utworów. Ogólnie - polecam jeżeli masz już dość manewrowania płytami.""",2,2,T,,2
"""Miernik przyszedł zupełnie rozkalibrowany. Na szczęście dają saszetki do kalibracji, niestety już je zużyłem i z ponowną kalibracją za jakiś czas będzie problem (lepiej gdyby można to było kalibrować czymś łatwo dostępnym - np wodą destylowaną i coca-colą). Czasem pokazuje dokładnie, czasem zupełnie """"świruje"""" i wyświetla losowo zupełnie rozbieżne wartości pH.""",1,1,T,,1
"Tak sobie. Niby lekki, zwinny i poręczny. Ale to chyba koniec jego zalet. Buczy jak stary kopciuch, ssanie też bez szału - dywanu nie porywa.  Na plus jest jeszcze bezworkowość. Ale cyklonowy? Jak zobaczyłam to u rodziców to miałam niemiłe skojarzenia z panem z kiepskim wąsikiem.  W każdym bądź razie odkurza jak każdy inny znany mi odkurzacz. ",0,0,T,,0
"Produkt godny polecenia ale ZAWSZE mam z nim jedne problem. Przy próbie wytarcia nadmiaru kleju zawsze wyjedzie go troszkę spod szkła. Dodatkowo tym razem nadmiar kleju wlał się do obudowy przez szpary przy bocznych klawiszach... pomimo zastosowanych, załączonych, podkładek, które ten nadmiar miały z boków pochłonąć. Wszystko zrobione zgodnie z instrukcją, a jednak.... Na Note 8 takiego wycieku nie miałem. ",2,1,N,0.0,0
"Wysoka jakość.  W stosunku do tanich odbiorników nie nagrzewa się nadmiernie.  Solidnie wykonany. W Galaxy S7 działa podobnie jak fabryczny w S8 - tanie cewki się bardzo nagrzewały - tutaj jak w fabrycznym wykonaniu. Jeżeli chcesz zamontować nad baterią - pod klapką to pewnie będzie za gruby, ale na pokrywie spisuje się rewelacyjnie Polecam.",2,2,T,,2
"Zaletą jest szeroki zakres napięć, regulacja w górę i w dół, oraz duży prą wejściowy 4A, wymagany duży radiator (podkładka n. teflon folia). Brak miękkiego startu (tylko twarde kluczowanie), krótkie piki na wyjściu przy starcie mogą sie pojawić, stabilna praca nawet z dodatkowym filtrem wyjściowym (napięcie błędu trzeba brać z obciążenia). Polecam.",2,2,T,,2
"Oceniam na +4. Etui cieniutkie, prawie nie zmienia grubości telefonu. Wystarcza jednak, aby ochronić tylny aparat (plecki są idealnie płaskie) Trochę słabo obejmuje boki, przez co ma tendencję do zsuwania się z rogów i z boku z przyciskami. Wycięcia dobrze wymierzone. Silikon nie ślizga się w ręku, można spokojnie położyć telefon na desce rozdzielczej w samochodzie - nie odjeżdża. Polecam.",2,2,T,,2
"DOBRA JAKOŚĆ PRODUKTU,FAJNIE SIĘ ROZWIJA,DOBRZE SIĘ SPRAWDZA PRZY MOTORZE PRZY KIEROWNICY BO JEST KRÓTKI I ZAWSZE WRACA NA SWOJE MIEJSCE,BRAK LUZÓW PO PODŁĄCZENIU DO TELEFONU W GNIEŹDZIE USB CO NIE ZAWSZE JEST OCZYWISTE NIEKTÓRE KABLE LATAJĄ NA BOKI I NIE ZAWSZE STYKA ŁADOWANIE.POLECAM SZCZEGÓLNIE DO MOTOCYKLI TĄ DŁUGOŚĆ LUB DŁUŻSZĄ W ZALEŻNOŚCI OD POTRZEB.",2,2,T,,2
"Obudowa wygląda dobrze. Po wyciągnięciu z pudełka ma się wrażenie, że odebraliśmy oryginał NOKIA. Nie mniej jednak wydaję się, że jest to dobry jakościowo zamiennik. Brakuję kilku wypustek w metalowym korpusie wewnętrznym, jeżeli porównujemy z oryginałem, ale nie przeszkadza to w złożeniu telefonu w jedną całość. Ze względu na wiek telefonu, taki zamiennik, za taką kwotę można przyjąć.",2,1,N,1.0,1
"""Produkt oryginalny. Po wymianie maszynka jak nowa - goli bezboleśnie, bez wibracji i hałasu.  Jeśli ktoś ma podstawowe umiejętności i cierpliwość, to możliwe jest rozebranie bloku na części i gruntowne oczyszczenie. Jeśli na golarce jest napisane """"use part 32B"""", to nie radzę zastępować tańszym 21B, bo będą niepotrzebne drgania i hałas. Wiem, bo raz się sam nadziałem z """"oszczędności"""".""",2,1,N,1.0,1
"Szkło zle przylega do telefonu. Tylko cieniutki pasek kleju trzymał szkło na telefonie i przez to pod szkło przyklejaly się brudy. Dodatkowo w miejscu kleju dotyk nie działa, co oznacza brak możliwości uzywania dotyku na skrajnych brzegach telefonu. Po jednym dniu użytkowania szkło musiało wyladowac w koszu z polecenia serwisanta w autoryzowanym serwisie Apple. Nie polecam, pieniądze wyrzucone w błoto. ",0,0,T,,0
"Sprzedającego ten produkt omijać z daleka. Sprzęt nie zgodny z tym co jest wystawione na aukcji,czyli starszy model. Widoczne były ślady użytkowania. Nie podłączyłem tych słuchawek bo nie był to ten model co widniał na aukcji. Reklamacja i zwrot odbyła się bez problemów z jedną małą rzeczą.. Nie mogłem odesłać w pakiecie Smart. ",0,0,T,,0
"Bardzo kiepskie wykonanie nie polecam zakupu. Klej naniesiony nie trzyma, dotyk źle wykrojony nie przylega do ramki w rogach, otwór na przycisk home zbyt wielki w konsekwencji przycisk lata na boki, trzeba się zaopatrzyć w klej B-7000, szkło nie dolane z wadą na środku w konsekwencji wielki bombel i o wiele za wąski od razu poszedł do kosza ",0,0,T,,0
"""Do codziennego użytkowania są rewelacyjne. Od lat kupuję wyłącznie te słuchawki ( w różnych opcjach np. ze składanym pałąkiem). Świetny dźwięk, wytrzymały kabel. Słuchawki są lekkie i dobrze trzymają się na głowie. Jeśli coś się psuje, to pęka właśnie plastik w trakcie """"transportu"""". Ale to już wina nieuważnego użytkownika ;-) Egzemplarz domowy śmiga bezawaryjnie od kilku lat.    """,2,2,T,,2
"Urządzenie kupione w celu użytkowania, jako budzik doskonale widoczny w nocy. Spełnia swą rolę doskonale, jednakże ekran dotykowy oraz menu ustawień jest niskiej jakości. To samo dotyczy wyboru wyświetlania czasu - po prostu nie ma go. Zdaję sobie sprawę, że jest to urządzenie mające służyć zupełnie innym celom, ale lepszą decyzją byłby tablet...",0,1,N,1.0,1
